原则:
1. 每次买入不得超过500克
2. 红线以上禁止买入，红线以下禁止卖出
9558804100106656196

10.09	1000
10.08	987
10.0	400
9.58	800
9.42	100
9.34	100
9.24	200
9.19	200
9.06	100
8.67	100
8.12	400	亏本买入，禁售
8.07	100	禁售
7.87	500	主力，禁售
7.71	200	忍痛买入，禁售
7.69	500	主力，禁售
7.39	300
-----以下部分尚未被套-----
7.32	100	违规买入				27
7.28	100	违规买入				23

7.39	100	->	+17
7.22	100	<-
7.36	500	->	+75
7.21	500	<-
7.34	300	->	+42
7.2	300	<-
7.25	100	->	+14
7.11	100	<-
7.23	300	->	+39
7.1	300	<-
7.19	200	->	+26
7.06	200	<-
7.17	500	->	+70
7.03	500	<-
7.13	500	->	+65
7.0	500	<-
7.8	100	卖出	+8
7.0	100	买入
7.34	200	卖出	+30
7.19	200	买入
7.29	100	卖出	+16
7.13	100	买入
7.3	400	卖出	+156
6.91	400	买入
7.23	500	卖出	+140
6.95	500	买入
8.02	100	卖出	+6
7.96	100	买入
8.04	200	卖出	+22
7.93	200	买入
8.0	100	卖出	+9
7.91	100	买入
7.85	100	卖出	+13
7.72	100	买入
7.64	100	卖出	+6
7.58	100	买入
7.43	300	卖出	+30
7.33	300	买入